              precision    recall  f1-score   support

           0       0.94      0.99      0.97       496
           1       0.95      0.94      0.95       471
           2       0.99      0.94      0.96       420
           3       0.97      0.86      0.91       491
           4       0.87      0.97      0.92       532
           5       1.00      0.99      0.99       537

    accuracy                           0.95      2947
   macro avg       0.95      0.95      0.95      2947
weighted avg       0.95      0.95      0.95      2947
