              precision    recall  f1-score   support

           0       0.89      0.97      0.93       496
           1       0.89      0.90      0.90       471
           2       0.96      0.84      0.90       420
           3       0.92      0.89      0.90       491
           4       0.90      0.93      0.92       532
           5       1.00      1.00      1.00       537

    accuracy                           0.93      2947
   macro avg       0.93      0.92      0.92      2947
weighted avg       0.93      0.93      0.93      2947
