              precision    recall  f1-score   support

           0       0.83      0.84      0.83       496
           1       0.76      0.96      0.85       471
           2       0.83      0.62      0.71       420
           3       0.59      0.48      0.53       491
           4       0.67      0.93      0.78       532
           5       0.97      0.72      0.83       537

    accuracy                           0.76      2947
   macro avg       0.77      0.76      0.75      2947
weighted avg       0.78      0.76      0.76      2947
