              precision    recall  f1-score   support

           0       0.89      0.98      0.93       496
           1       0.89      0.90      0.89       471
           2       0.95      0.85      0.90       420
           3       0.90      0.80      0.85       491
           4       0.84      0.92      0.88       532
           5       1.00      1.00      1.00       537

    accuracy                           0.91      2947
   macro avg       0.91      0.91      0.91      2947
weighted avg       0.91      0.91      0.91      2947
