              precision    recall  f1-score   support

           0       0.82      0.94      0.88       496
           1       0.85      0.72      0.78       471
           2       0.83      0.84      0.84       420
           3       0.86      0.76      0.80       491
           4       0.80      0.89      0.84       532
           5       1.00      1.00      1.00       537

    accuracy                           0.86      2947
   macro avg       0.86      0.86      0.86      2947
weighted avg       0.86      0.86      0.86      2947
