              precision    recall  f1-score   support

           0       0.81      0.98      0.89       496
           1       0.88      0.90      0.89       471
           2       0.97      0.71      0.82       420
           3       0.87      0.77      0.82       491
           4       0.81      0.93      0.86       532
           5       1.00      0.95      0.97       537

    accuracy                           0.88      2947
   macro avg       0.89      0.87      0.87      2947
weighted avg       0.89      0.88      0.88      2947
